Count
8327
8343
8415
8308
7818
7994
7837
7311
8199
8102
8584
8558
8622
8942
8527
8586
7925
7952
7992
7406
8181
8074
8725
8993
9080
9205
8954
8859
7947
7542
7802
6951
7785
7948
8955
8892
8634
8691
8300
8382
7620
7629
7684
6750
4626
